4294967279,318
4294967279,572
4294967279,553
4294967294,18
4294967294,127
4294967294,14
4294967294,126
4294967294,20
4294967294,13
4294967294,166
4294967294,24
4294967294,104
4294967294,106
4294967294,160
4294967278,395
4294967279,303
4294967279,369
4294967279,526
4294967278,240
4294967279,239
4294967278,238
4294967279,237
4294967279,284
4294967278,360
4294967278,279
4294967278,393
4294967279,358
4294967278,325
4294967279,194
4294967278,190
4294967278,304
4294967279,283
4294967279,379
812,7
812,6
812,5
812,4
812,3
812,2
812,1
4294967278,410
4294967279,281
4294967279,173
4294967279,315
4294967278,162
4294967279,159
4294967278,158
4294967278,316
808,4
4294967279,151
808,3
808,2
808,1
4294967278,420
4294967279,278
4294967278,309
807,6
807,5
807,4
807,3
807,2
807,1
4294967279,276
4294967279,133
4294967279,360
804,4
804,3
804,2
804,1
4294967279,518
803,7
803,6
803,5
803,4
803,3
803,2
803,1
4294967294,406
4294967279,555
4294967279,274
4294967279,273
4294967294,1008
4294967294,188
4294967294,419
4294967278,234
4294967278,349
4294967278,392
4294967278,60
4294967278,58
4294967278,57
4294967278,54
4294967278,52
4294967278,260
4294967278,235
4294967278,49
4294967278,48
4294967278,47
4294967278,46
4294967278,45
4294967278,44
4294967278,43
4294967278,42
4294967278,41
4294967278,39
4294967278,38
4294967278,37
4294967278,36
4294967278,35
4294967278,34
4294967278,33
4294967278,32
4294967278,31
4294967278,30
4294967278,28
4294967278,27
4294967278,25
4294967278,24
4294967278,23
4294967278,22
4294967278,418
4294967278,20
4294967278,19
4294967278,18
4294967278,17
4294967278,13
4294967278,11
4294967278,9
4294967278,8
4294967278,7
4294967278,6
4294967279,132
4294967279,267
4294967279,130
4294967279,129
4294967279,128
4294967279,127
4294967279,125
4294967279,124
4294967279,123
4294967279,122
4294967279,121
4294967279,120
4294967279,119
4294967279,332
4294967279,115
4294967279,113
4294967279,112
4294967279,259
4294967279,82
4294967279,80
4294967279,78
4294967279,75
4294967279,72
4294967279,69
4294967279,66
4294967279,64
4294967279,58
4294967279,53
4294967279,47
4294967279,44
4294967279,36
4294967279,26
4294967279,24
4294967279,22
799,5
799,4
799,3
799,2
799,1
4294967278,359
4294967279,540
797,6
797,5
797,4
797,3
797,2
797,1
4294967278,358
4294967279,77
4294967279,350
4294967279,380
4294967278,362
4294967278,357
4294967279,57
794,7
794,6
794,5
794,4
794,3
794,2
794,1
4294967279,43
4294967278,356
4294967279,158
4294967279,33
4294967278,40
4294967278,150
4294967279,362
4294967278,149
4294967278,29
4294967278,346
4294967278,26
790,5
790,4
790,3
790,2
790,1
4294967278,21
789,5
789,4
789,3
789,2
789,1
4294967278,354
788,5
788,4
788,3
788,2
788,1
4294967278,285
787,5
787,4
787,3
787,2
787,1
4294967294,459
4294967294,119
786,6
4294967294,998
4294967294,182
4294967294,995
4294967294,1010
4294967294,1418
786,5
786,4
786,3
786,2
786,1
4294967278,353
785,5
785,4
785,3
785,2
785,1
784,6
4294967278,232
4294967279,266
784,5
4294967278,230
784,4
784,3
784,2
784,1
783,6
4294967278,352
783,5
783,4
783,3
783,2
783,1
4294967278,348
4294967279,534
782,6
782,5
782,4
782,3
782,2
782,1
4294967278,196
4294967278,419
4294967279,575
781,5
781,4
781,3
781,2
781,1
4294967278,344
4294967294,467
4294967278,343
4294967279,180
779,4
779,3
779,2
779,1
4294967279,574
4294967279,573
4294967278,342
4294967278,340
4294967278,361
4294967279,346
4294967279,285
4294967278,16
4294967278,15
4294967278,14
4294967278,4
4294967279,16
4294967278,338
4294967279,525
4294967278,413
4294967279,143
4294967278,12
4294967279,260
778,7
4294967279,265
778,6
778,5
4294967279,264
778,4
778,3
778,2
778,1
4294967279,131
4294967278,10
4294967278,384
4294967279,10
4294967279,275
4294967279,344
4294967294,475
4294967279,256
4294967278,5
4294967279,253
4294967278,258
4294967279,383
4294967278,322
4294967278,320
4294967294,190
4294967294,466
4294967279,126
4294967278,379
4294967278,253
774,4
774,3
774,2
774,1
4294967278,236
4294967294,391
4294967279,328
4294967279,342
4294967278,416
4294967279,225
4294967278,334
4294967279,352
773,6
773,5
773,4
773,3
773,2
773,1
4294967278,211
4294967278,206
4294967278,205
4294967278,337
770,4
770,3
770,2
770,1
4294967278,197
4294967278,239
4294967279,544
769,7
4294967279,189
769,6
769,5
769,4
769,3
769,2
769,1
4294967279,183
4294967279,182
4294967279,181
4294967279,176
4294967278,433
4294967278,56
4294967279,546
4294967279,74
4294967279,73
4294967279,63
4294967279,55
4294967279,21
4294967279,378
4294967278,176
4294967279,61
4294967279,368
4294967279,170
4294967279,169
4294967279,313
4294967279,157
4294967278,417
4294967279,153
765,5
765,4
765,3
765,2
765,1
4294967279,321
4294967279,149
4294967279,148
4294967279,147
4294967279,32
4294967279,28
4294967279,320
763,6
763,5
763,4
763,3
763,2
763,1
4294967279,20
4294967278,368
4294967279,246
4294967278,335
4294967279,343
4294967279,571
760,8
4294967294,384
4294967279,517
4294967278,257
4294967279,514
760,7
760,6
760,5
760,4
760,3
760,2
760,1
4294967279,566
4294967278,321
4294967278,248
4294967278,284
4294967278,221
4294967278,218
4294967278,220
4294967278,212
4294967278,210
756,5
4294967278,208
756,4
756,3
756,2
756,1
4294967278,387
755,5
4294967278,201
755,4
755,3
755,2
755,1
4294967279,356
754,5
754,4
754,3
754,2
754,1
4294967278,324
753,5
753,4
753,3
753,2
753,1
4294967294,198
752,6
4294967278,431
752,5
752,4
752,3
752,2
752,1
751,5
751,4
751,3
751,2
751,1
4294967294,420
4294967294,183
4294967294,118
4294967294,451
4294967278,241
750,6
4294967294,179
750,5
750,4
750,3
750,2
750,1
4294967278,295
749,6
749,5
749,4
749,3
749,2
749,1
748,6
4294967294,387
4294967279,145
4294967278,315
748,5
748,4
748,3
748,2
748,1
4294967278,330
4294967279,135
4294967279,134
4294967279,375
747,5
4294967279,270
747,4
4294967279,282
747,3
747,2
747,1
4294967279,279
4294967294,1007
4294967294,191
4294967294,415
4294967294,399
4294967294,108
4294967294,453
4294967278,273
4294967278,313
4294967278,281
4294967279,258
745,4
4294967279,257
745,3
745,2
745,1
4294967279,570
4294967279,359
4294967278,388
4294967279,569
4294967278,272
4294967278,423
4294967279,557
4294967278,233
4294967279,568
4294967278,329
4294967279,567
4294967279,565
4294967279,564
4294967278,307
4294967278,405
4294967278,436
4294967278,400
4294967278,59
4294967278,55
4294967278,53
4294967278,50
4294967279,56
4294967279,54
4294967279,50
4294967279,41
4294967279,30
4294967279,29
4294967279,18
4294967279,13
4294967279,12
4294967279,9
4294967294,30
4294967294,61
4294967278,224
4294967294,12
4294967294,11
4294967294,68
4294967278,266
4294967279,240
4294967278,213
4294967278,414
4294967278,297
4294967279,202
4294967278,200
4294967278,199
4294967279,220
4294967278,195
4294967278,194
744,7
744,6
744,5
744,4
744,3
744,2
744,1
4294967278,328
4294967278,231
4294967294,1421
4294967278,182
4294967278,181
4294967279,62
4294967279,168
4294967278,51
4294967294,178
